0.0001713770890483  0.0138356164007537  0.1784098599866524  0.3366816213702568  0.1031241313407807  0.0354163612615899  0.0582566414139551  0.0792204308384487  0.0802731081361748  0.0605892595260089  0.0340654247608400  0.0142667341885035  0.0044506959723851  0.0010342460837039  0.0001790244875174  0.0000230830711868  0.0000022170084085  0.0000001586111403  0.0000000084526450  
0.0000147314785389  0.0020166033084057  0.0654627057865073  0.3142011851107291  0.2239937257420455  0.0430880062675293  0.0454331313869696  0.0708153702020996  0.0827809035380422  0.0720748682875880  0.0467395574813314  0.0225752400962713  0.0081213308303349  0.0021760509984288  0.0004342681506289  0.0000645496559524  0.0000071462289701  0.0000005892600052  0.0000000361896219  
0.0000022068738367  0.0001983624252869  0.0152912670758391  0.1866238403377094  0.3333546833622969  0.0977591706814984  0.0357029921788356  0.0590131668721363  0.0795778463901009  0.0799555908564614  0.0598406265158961  0.0333606109727491  0.0138535931389512  0.0042853019748355  0.0009873951786627  0.0001694693417740  0.0000216661553160  0.0000020633035750  0.0000001463642388  
0.0000005493945977  0.0000168792334939  0.0022865799714967  0.0703391620935326  0.3194616579337969  0.2159565034008905  0.0416836811452728  0.0461648005153606  0.0714258615638906  0.0827918737361864  0.0714776914318903  0.0459621844303088  0.0220129446747352  0.0078524098705916  0.0020862921105831  0.0004128522049884  0.0000608501199091  0.0000066799868191  0.0000005461816561  
0.0000001450531045  0.0000024195698892  0.0002294484658446  0.0168741552884447  0.1949088262074132  0.3295511602233785  0.0926447345881191  0.0360380038885444  0.0597650196363066  0.0799167914412387  0.0796196330716823  0.0590870196184552  0.0326628233211321  0.0134494673057280  0.0041252110263028  0.0009424904988852  0.0001603974709570  0.0000203332956949  0.0000019200288792  
0.0000000359351575  0.0000005941238968  0.0000193817768112  0.0025890994617854  0.0754612266390587  0.3242991954326171  0.2079240399620579  0.0404356191680909  0.0469032128330893  0.0720227581482724  0.0827817068547204  0.0708682247892188  0.0451875365679357  0.0214602962172673  0.0075910646918653  0.0019999521588448  0.0003924519176328  0.0000573592201645  0.0000062441015135  
0.0000000083615020  0.0000001571914678  0.0000026584234091  0.0002652202440219  0.0185925588063584  0.2032413425082518  0.3252863794284528  0.0877807967795681  0.0364168609138786  0.0605109355525766  0.0802366639080106  0.0792660970883836  0.0583302838262856  0.0319736829234533  0.0130551900209770  0.0039706873337132  0.0008995807282522  0.0001518121583747  0.0000190838030630  
0.0000000018404222  0.0000000391259996  0.0000006428902197  0.0000223049213178  0.0029279940488781  0.0808360128628455  0.3286941706770609  0.1999145441181517  0.0393331555535870  0.0476439202110100  0.0726016248256175  0.0827488085536699  0.0702494533092630  0.0444209491604139  0.0209216727400670  0.0073395369330303  0.0019178056827544  0.0003732537909949  0.0000541087546966  
0.0000000018512409  0.0000000091527731  0.0000001705548591  0.0000029301980443  0.0003065079053803  0.0204611207177234  0.2116180906152613  0.3205637669991901  0.0831550139854668  0.0368287065840654  0.0612394024164038  0.0805285013149257  0.0788967187995067  0.0575824386855693  0.0313071055991043  0.0126799498186934  0.0038257263648456  0.0008598684719197  0.0001439699650272  
0.0000000018559384  0.0000000019922319  0.0000000427729064  0.0000006979384466  0.0000257661861576  0.0033105406882129  0.0865055695580732  0.3326376628153835  0.1919024299757592  0.0383518779402379  0.0483635025040095  0.0731363520306138  0.0826846893876883  0.0696412657114729  0.0436974678704251  0.0204264994625864  0.0071134401421725  0.0018454975587551  0.0003566936089285  
0.0000000018933611  0.0000000018830034  0.0000000101283064  0.0000001865497587  0.0000032560908487  0.0003552053753667  0.0225264240902680  0.2201242322993797  0.3153057559725408  0.0787035656262529  0.0372317120212273  0.0618929786646689  0.0807519380178703  0.0785296705217612  0.0569150609023299  0.0307420776952477  0.0123751880796314  0.0037126412164961  0.0008300929716805  
0.0000000019602555  0.0000000019370668  0.0000000022595191  0.0000000477164186  0.0000007691746395  0.0000301062015379  0.0037594885085533  0.0926643476648074  0.3361282449906904  0.1836842341473993  0.0374116281189307  0.0489611191988795  0.0735207311836685  0.0825722363076479  0.0691574497288915  0.0431939805268391  0.0201180934799310  0.0069876275852617  0.0018098893090625  
0.0000000021436386  0.0000000020853751  0.0000000020339698  0.0000000117382192  0.0000002111526674  0.0000037153353613  0.0004175197864764  0.0249583047800097  0.2291294420594525  0.3091088186173676  0.0741953561665357  0.0374758213106003  0.0622655896641618  0.0807905884030308  0.0782918003208607  0.0566588955883766  0.0306207783121207  0.0123583542797123  0.0037247862220636  
0.0000000025569669  0.0000000024148814  0.0000000022925376  0.0000000028277754  0.0000000573450186  0.0000008946852805  0.0000365024381537  0.0043522980297037  0.0999783781532466  0.3390642444967989  0.1745324596501946  0.0362723521577006  0.0491175190254782  0.0734594123546809  0.0824628552110712  0.0693088822920492  0.0436152075242759  0.0205497012011530  0.0072492253430330  
0.0000000036632626  0.0000000032653753  0.0000000029399996  0.0000000026736870  0.0000000158209615  0.0000002671270607  0.0000045910189215  0.0005144123332348  0.0282940572345091  0.2396241780765576  0.3005934279711639  0.0690022666714600  0.0371434597767137  0.0618300258836866  0.0804796801883070  0.0788186384071803  0.0580750138833969  0.0321934416701127  0.0134265113944091  
0.0000000072051613  0.0000000057843027  0.0000000047300929  0.0000000039400313  0.0000000047361179  0.0000000858100634  0.0000012175144388  0.0000491098383995  0.0053346432788491  0.1102584860209554  0.3406842511873874  0.1625303427355709  0.0343553954369735  0.0480824372166989  0.0724241646572316  0.0829407917472134  0.0720665360008728  0.0475093441237006  0.0237631680359388  
0.0000000250049745  0.0000000166752016  0.0000000114917758  0.0000000081841687  0.0000000060232845  0.0000000322038844  0.0000004568776457  0.0000069925894002  0.0007184627922009  0.0340741283988936  0.2534668843719425  0.2859022314766957  0.0617658522369405  0.0353329578853489  0.0596315293259290  0.0800824584705754  0.0827885100403205  0.0658783468237194  0.0403510891270983  
0.0000002310298554  0.0000001118140208  0.0000000572883815  0.0000000310726984  0.0000000178415884  0.0000000168356501  0.0000002251985797  0.0000024642074985  0.0000854475768763  0.0075197833018680  0.1278285653347617  0.3373946190987683  0.1435023423071480  0.0305458594240966  0.0445529746278217  0.0700989112072860  0.0871199214702429  0.0853758561258520  0.0659725642370055  
0.0000108854491032  0.0000030750017128  0.0000009564283413  0.0000003275424370  0.0000001235067744  0.0000000512769337  0.0000001797775702  0.0000016201869706  0.0000174368572220  0.0013415835781646  0.0468207026032277  0.2719904117291265  0.2554518569212706  0.0501980663125584  0.0306326435963402  0.0547744002351444  0.0826510264111527  0.1022871524410539  0.1038175001448957  
